0.123575042	-0.05473925
0.237241314	-0.09227416
0.160537549	0.062068182
0.203685555	-0.062756347
0.05937319	-0.044569034
0.208573571	0.07634797
0.086021479	0.077230188
-0.035015775	-0.040962627
0.241674306	-0.038751164
0.253171459	-0.034350529
0.159802822	0.091182213
0.140869859	-0.007638692
0.169827429	-0.019259772
-0.090374486	0.017542437
0.117886504	-0.054720693
0.207734212	0.133416775
-0.00819552	0.057931141
0.294214684	-0.113650065
0.110498165	-0.03865396
0.204340334	-0.027145033
0.073571399	-0.039280501
0.300932169	0.045857993
0.105426323	-0.00755527
0.248067674	-0.065189683
0.026484107	-0.153059914
0.10877364	-0.180264029
0.098199447	-0.041701875
0.021239141	0.063321447
0.056383142	-0.064596633
0.179108558	0.146474423
0.071083693	-0.102028941
0.286682812	0.037844748
0.089302229	0.062635387
0.175344407	0.022492219
0.145992912	0.032165649
0.124083876	-0.048421512
0.038637595	-0.169866508
0.047124957	0.117895395
0.218486533	-0.03831593
0.154693563	0.012025749
-0.064125397	0.066484401
6.80E-06	0.092074008
0.109075404	-0.09279086
0.133292237	-0.114057717
0.139165277	0.093509028
0.060635924	0.002535086
0.02989681	0.024947414
0.068930249	-0.040744566
0.083850097	-0.061873532
0.102191045	-0.074384141
0.083098495	0.10243734
0.086538827	-0.028468281
-0.005835858	-0.155939201
0.204488498	0.170778741
0.184569059	0.078419254
-0.015075169	0.001182895
0.188179918	-0.022792029
-0.001012872	0.158321377
0.017290304	-0.049102376
0.107932972	0.047775835
0.101295774	-0.162758411
0.096816368	0.099412415
0.025324622	-0.00279635
0.068008324	-0.096550824
0.134710147	-0.028384471
0.151449294	-0.013454373
-0.090638158	-0.058275169
0.231389866	0.156057012
0.175991988	0.103624224
0.098362238	0.034690429
0.139655061	-0.061868313
0.097482161	0.093557482
0.167035749	-0.156840355
0.100697846	0.017143456
0.126370539	-0.012558388
0.064159904	0.049340243
0.146194916	0.132462315
0.098950568	0.15409743
-0.004453406	-0.093313696
-0.007570675	0.018225146
0.026023677	0.099618565
0.140949119	-0.073576164
-0.034458751	-0.079820126
0.038213528	-0.019957081
0.227090282	-0.072815578
0.085739051	0.062256351
0.104344512	-0.095966225
0.103197936	-0.136460526
-0.018957875	0.111083417
0.062797912	-0.01688798
0.273775205	0.08972105
0.252715116	0.053845529
-0.012557306	-0.022056588
0.119453075	-0.104957329
0.199266466	-0.043691016
0.15883219	0.06257598
-0.007209795	-0.04948457
-0.016247821	0.022637073
0.269388573	0.012691037
0.013871462	0.141299917
0.113169106	-0.096673308
0.142799529	-0.012393738
0.184822989	0.188231855
0.169345821	-0.022234823
-0.021869423	-0.028843274
0.23578423	0.180641819
0.01287328	0.255122102
-0.086459659	0.008599311
0.200159207	0.008928021
0.195615646	0.017343952
0.093011771	0.115580659
0.145682117	0.032116741
0.173841996	0.015841954
-0.03288039	0.057637179
0.112327572	-0.140680529
0.09750071	0.108824318
-0.022536544	0.088838251
0.110592452	0.01454266
0.071660812	-0.029754527
0.168228157	0.019241931
-0.005391641	-0.032327908
0.266376218	0.099382731
0.120688765	-0.048422573
0.117180944	0.020422278
-0.043673842	-0.145028716
0.061895354	-0.194403058
0.044705727	-0.072618527
0.006811285	0.084722475
2.74E-04	-0.023644574
0.105743024	0.153211682
0.00892102	-0.094943986
0.137903173	0.067819924
0.02439395	0.199923279
0.215170007	0.099307443
0.116708938	0.09665363
0.07543064	-0.001129232
0.017228346	-0.040720148
0.008796377	0.14187165
0.164264424	0.013049407
0.181900137	0.079001547
0.00541136	0.068062098
-0.016019918	0.110791321
0.068569542	-0.139863026
0.057657279	0.023766504
0.136419597	0.256331043
-0.125761474	0.061319217
-0.074002495	0.0941284
-0.039557688	-0.067445071
0.028624649	-0.031893275
0.053718947	-0.076255156
0.011509352	0.283285711
-0.010701497	-0.078374204
-0.027170304	-0.063703198
0.093558378	0.121192956
0.14655042	0.139529339
-0.105957167	0.051603135
0.21092835	0.008404546
-0.011805932	0.146870824
-0.044392583	-0.006038172
0.090951638	0.296628714
0.050248547	0.018780685
0.043249968	0.26077716
-0.168679199	0.041811175
-0.009672444	-0.130091337
0.090232677	0.01709944
0.136707404	0.02732537
-0.0492804	0.0196515
0.157125994	0.177237838
0.086681198	0.100019229
0.041778924	0.22413556
0.079261298	0.004347639
0.045656566	0.211392641
0.102119246	-0.071940922
0.057567738	0.23591081
0.20629859	-0.024433759
-0.076958003	0.224780188
0.119954658	0.25059255
0.04929454	0.153588981
-0.076748697	-0.063231246
-0.025203693	0.062741375
0.033328952	0.072449694
0.136986271	-0.106294357
-0.064928958	-0.018226455
-0.073775172	0.010020518
0.237689349	-0.057535433
0.015754364	0.199499757
0.0570006	-0.104636719
0.054785908	-0.154221597
-0.09014568	0.180868689
-0.084191103	-0.010916383
0.114846438	0.083480556
0.130334048	0.078324827
-0.157302922	0.00937718
0.054931746	0.023391203
0.170678823	-0.003115424
0.097648927	0.100681069
-0.171617166	-0.052291308
-0.11947716	0.083002484
0.183360726	0.059991736
-0.016878934	0.159719589
0.070809822	0.083806882
0.09580283	-0.110341278
0.037545582	0.080767904
0.006999913	0.042207321
0.119515029	0.168644583
0.008791084	0.019268715
0.034160549	0.24391624
-0.060212731	-0.110171653
-0.015062936	-0.111989809
0.049241671	-0.015292105
-0.104756912	0.09970198
0.168404415	0.118845793
0.081749113	0.288957226
0.187343371	-0.033173351
0.159726947	0.205871574
0.107506289	-0.061444492
-0.068058829	0.020994811
0.246127243	0.04523586
0.091872981	0.072398669
-0.007252865	0.0715608
0.105504531	0.093984459
0.160822115	0.022950276
0.247494042	0.055752196
0.079816855	-0.138944097
0.06641451	0.013525718
0.128431841	-0.034906249
0.169411733	0.120049776
-0.045985455	0.119937991
0.039957764	0.211718005
0.098481952	-0.098993941
-0.036813995	0.089913496
0.152796274	-0.014651278
0.058178478	0.067916962
0.028578216	0.29638493
0.092341949	0.104970298
0.085487078	0.090801176
0.125411468	-0.031024143
-0.016967858	0.013345812
-0.075397035	0.009377773
0.114127489	0.132624195
0.189763188	-0.134859052
-0.109123878	-0.10334162
0.027962664	0.079953213
-0.127008495	0.035230028
-0.024277538	0.102687064
0.156455283	0.105058681
0.059003116	0.19190741
0.213228521	0.209816252
0.097981898	0.158824524
0.065562139	0.296181281
-0.034515872	0.098371075
0.212186912	0.102308665
0.184143772	-0.044005962
0.182251462	0.00218669
-0.11955753	0.059743747
-0.113465851	0.061055276
0.012348219	0.111252419
0.098444918	0.014827743
-0.12884952	0.242270826
0.10382647	0.095218613
0.055465517	0.021593258
-0.061249944	0.142341866
0.06095847	0.259720779
-0.085285261	0.143297877
0.111358366	0.092523995
0.124331211	0.131147808
0.168342791	0.004899696
0.286527366	-0.016892893
-0.009534679	0.019567214
0.239139756	0.124582832
0.065256632	0.209050469
-0.017252709	0.138804488
0.082338703	-0.017405924
0.1702603	0.061675588
0.175708853	0.084835142
0.078237815	0.100601102
-0.038649893	-0.070600884
0.040565244	-0.031793005
-0.017661824	-0.040407744
-0.091495643	0.095068507
-0.033806308	0.024500623
0.022667887	0.141244471
0.044842654	-0.10460393
0.083793488	0.133741974
-0.025818494	-0.130710675
0.149980754	0.275237387
-0.069327315	0.179520201
-0.024245105	-0.024824472
0.078071401	-0.096021449
0.097573587	0.076593729
0.245783558	-0.043053032
0.083686976	-0.156696526
-0.143805495	0.066121066
-0.032232558	0.085059737
-0.092216922	0.099407892
0.041721662	0.0723963
-0.070115236	0.043572339
-0.049308083	0.043268574
0.078058024	-0.01200892
0.070026019	-0.019203531
0.078380336	-0.181992496
0.112388446	-0.075564341
0.227634398	0.23338991
0.08829159	-0.053439051
-0.136827825	-0.150104918
0.157153622	0.11050903
-0.025447245	0.140593955
-0.076468923	-0.023200015
0.030718183	-0.008402126
0.146960952	-0.032957749
0.050609627	0.077165219
0.217011427	-0.04056005
0.133981144	-0.036954622
-0.250866853	0.023116627
0.069247159	-0.211849818
0.115838578	0.143453125
-0.079538634	0.042587381
0.254491219	-0.148922538
0.02982307	-0.109807744
0.271083287	-0.070524643
-0.057552419	-0.085539446
0.136222189	0.031089478
0.035796437	-0.049840699
0.183252768	-0.080680608
-0.039526758	-0.082294616
0.002097894	-0.043103522
-0.009495372	-0.219918511
-0.104155418	0.083737937
-0.114733555	-0.16992057
0.067527699	0.12503174
-0.053788556	-0.189788734
0.028895014	0.005857661
-0.046246004	0.270770087
0.230190508	0.068717714
0.185048213	0.129415504
0.108533945	-0.218211463
-0.048235246	-0.133527242
-0.079773432	0.177870689
0.176402665	-0.057044728
0.171053817	0.037610464
-0.107716554	0.04363414
-0.08059474	0.074211856
0.015332674	-0.156767897
0.029178947	-0.09996577
0.093219667	0.222566545
-0.312658047	0.020135494
-0.032880477	0.011701078
-0.106964671	-0.140272416
-0.015457268	-0.059219907
0.007085463	-0.240545562
-0.051457438	0.31187537
-0.022735715	-0.048082493
-0.160793623	-0.236914309
0.014061764	0.022982915
0.154385284	0.143158491
-0.235661771	0.002422444
0.170456985	-0.044058338
-0.1429465	0.224045571
-0.232584019	-0.138078467
0.03225901	0.194277897
6.25E-04	-0.078561192
-0.003249279	0.101462288
-0.091663029	-0.003432482
-0.013054234	-0.039397658
0.052935558	-0.043288431
0.188412207	-0.049271192
-0.273929903	-0.083736181
0.087131693	0.103489805
0.087656873	0.119530698
-0.014705332	0.311482509
0.156013858	-0.24340687
-0.005617947	0.208750802
0.123913737	-0.289915076
0.009404014	0.231021204
0.118377942	-0.056374886
-0.120740567	0.166220785
0.035699413	0.102366825
-8.26E-04	0.12124198
-0.156361827	-0.139686206
-0.172190185	0.029173297
-0.088502366	0.119179737
0.093167111	-0.167399908
-0.195198792	-0.115877858
-0.17815921	-0.05754557
0.156212957	-0.089501232
-0.041805825	0.182503857
0.007735412	-0.170868037
0.001393818	-0.059476234
-0.160232781	0.149626117
-0.295547933	-0.134164714
0.120224849	0.062072721
0.285418953	0.10063532
-0.130920826	-0.025655081
0.048505395	-0.26170652
0.144799791	-0.063731996
0.101968584	0.10845736
-0.092153014	-0.042534847
-0.073285631	0.014270996
0.124144472	0.00930123
-0.114947595	0.188579605
0.123419322	0.200502558
0.058487788	-0.204747317
-0.007367698	0.018201464
-0.248377289	-0.045012107
0.141148994	0.240905654
-0.186212449	-0.13886674
-0.003414245	0.041799272
-0.079809563	-0.115986869
-0.080317263	-0.199969121
-0.002574742	-0.22168522
-0.098287667	0.031566226
0.099174281	0.057664506
0.027390818	0.20615486
0.139712284	-0.084607934
0.113068387	0.160618226
0.048798947	-0.094570072
-0.08769148	-0.021544411
0.2483546	-0.006032798
0.203897395	0.10906867
-0.265961125	0.100158039
0.053851083	0.042674187
0.089134999	-0.021756282
0.065590266	0.001910377
0.025890014	-0.164060408
0.038920974	-0.086485349
0.182789607	-0.197878561
0.056596547	0.033200887
-0.03451691	0.025150096
-0.011235218	0.180929534
0.072002065	-0.221275565
-0.113771906	0.052307633
0.076887649	-0.048356662
0.054667076	0.119761638
-0.008615125	0.099087785
0.104146703	0.135208119
0.179248501	0.206090502
0.134644166	-0.144665373
-0.0583217	-0.0319218
-0.136712546	-0.044287874
0.02927941	0.037724659
0.101726696	-0.13454974
-0.110182356	-0.10617854
-0.193833174	0.26345863
-0.242446793	-0.020230286
-0.134717282	0.095558608
0.238827578	0.123521643
0.004967952	0.078305028
0.102544552	0.100400872
0.113458011	0.257326503
0.017495556	0.276766476
-0.188990437	0.108165134
0.185761679	0.05991202
0.108646118	-0.076137585
0.267888717	-0.096850697
-0.074252867	0.004266995
-0.221462003	0.014977585
-0.105630657	0.17184136
0.201858358	-0.146554363
-0.099036427	0.106468363
0.173673695	0.145900032
0.047244639	-0.245551543
-0.098290373	0.081584908
0.009400067	0.179896403
-0.25342586	0.17477214
0.14751276	0.102232706
0.087560478	0.095590273
0.182632495	-0.069601038
0.131565857	-0.037208467
-0.203493127	-0.1040211
0.138586566	0.054648366
0.015914502	0.165908766
-0.128694704	0.169936163
0.131306903	-0.273692579
0.128394601	0.012465315
0.241706923	0.066979332
0.109203873	0.195689233
-0.173675528	-0.236271263
-0.004130988	-0.03581289
-0.081398122	-0.108761782
-0.195816091	0.062370393
-0.112709304	-0.034293564
-0.030083237	0.100428718
-0.007239913	-0.217033919
0.073580354	0.182335844
-0.073056677	-0.174127981
0.083166281	0.187357616
-0.03008242	0.032652047
-0.094354154	-0.09509044
0.029723923	-0.154617519
0.093898101	0.052489224
0.196997681	-0.093630087
0.041237378	-0.253024274
-0.117407051	0.009766116
-0.204291648	0.087099459
-0.074181215	0.025771458
-0.086848146	0.234959865
-0.078680816	-0.004210403
-0.187855229	-0.01273344
0.056893641	-0.125736343
0.06725291	-0.232404601
-0.104299062	-0.133278545
-0.120049339	0.114724134
0.099239835	-0.24355682
-0.132117437	-0.027642194
-0.092873951	0.126609596
0.276508541	-0.11148906
0.029697293	-0.029347516
-0.288746129	-0.094132994
-0.067309478	-0.065206993
-0.176433407	-0.107425483
0.049301427	0.181299624
-0.065968707	0.19774815
-0.134538963	0.024856624
0.0239237	0.194163144
0.135803144	-0.201707071
0.009440615	0.026100964
0.009040462	0.059300072
0.145691818	0.267827954
0.02837462	0.200856658
-0.096602717	0.041301183
-0.054909553	0.135927611
0.06512215	-0.034020914
-0.103726137	0.048644824
0.044560195	0.102647353
0.107404444	-0.073109472
0.082315571	-0.010531118
-0.124029389	0.050128274
0.056190039	0.047153922
-0.013440421	0.265016593
-0.053656113	0.034659719
-0.233614526	-0.158541365
-0.011159018	0.145149262
-0.035386151	-0.026688151
-0.031958847	-0.128540006
0.039435268	0.219806419
0.176576496	0.160505318
-0.051597243	0.170862593
-0.088420155	0.191708471
-0.2386789	0.12319119
-0.047776334	-0.002360878
0.105860477	0.063069672
-0.003425705	0.043589915
0.03007616	-0.090595615
0.215691855	0.040051278
0.1981764	-0.095003429
-0.032450396	-0.261237725
-0.186493532	0.01337054
-0.048216701	-0.025928401
0.022298152	0.278482935
-0.232193706	0.061410753
0.115722191	-0.027330245
-0.170552481	-0.051655466
-0.309432233	-0.041335992
0.025186026	0.21681401
-0.250549625	0.017506128
-0.109083912	-0.107803041
-0.069681099	-0.146015966
-0.144208408	0.111113665
-0.077180564	0.084888188
0.225973695	-0.017096074
0.164525707	0.039760381
0.151504604	-0.1332853
0.106226576	-0.064375533
0.022555887	-0.075536066
0.132561503	0.094682394
-0.010220392	0.136768852
-0.121021995	0.203593814
-0.100317745	-0.212243605
0.135300692	0.156521498
-0.013877916	-0.075927497
0.023042748	0.018285909
-0.103387817	-0.149604487
-0.122453743	0.004484574
0.051976466	-0.281574663
-0.067366962	-0.30171262
0.097940245	-0.067717443
0.186039402	-0.152097503
-0.135945497	0.232654964
-0.060265465	-0.180622451
0.085450189	0.251174063
0.282976022	0.054978011
-0.006679527	-0.179317451
-0.221419308	-3.12E-05
-0.184207937	0.023362433
0.02669708	-0.018211509
-0.120563841	-0.09956905
-0.149019354	-0.135882236
0.109902272	-0.133800882
0.047635302	-0.131046313
-0.252821149	-0.132282664
0.101617139	0.226659279
0.016069161	0.253682632
0.105502126	-0.091246137
0.186354137	0.033942545
-0.261007951	0.016583594
0.139939453	0.246877178
0.205029625	-0.027629878
-0.02288904	-0.095855545
-0.203436598	-6.03E-04
-0.05439743	0.00999183
0.137120724	0.053910453
-0.08561004	-0.187940011
0.273846549	0.074788599
0.219020481	0.105503345
-0.163395842	-0.02236485
0.187662904	0.130539943
0.062154076	-0.136173753
0.124756976	-0.276088233
-0.054272072	-0.310269595
0.152324611	0.209284521
-0.077059468	-0.120763186
-0.157136711	-0.018443137
0.107492084	-0.018430269
-0.139840037	-0.189930643
0.082386783	-0.251779804
-0.264329591	0.078964995
-0.165370189	0.074803261
0.086918868	-0.169759617
0.070950726	0.041044585
0.181362055	0.201010301
0.072798018	0.139367645
-0.076071251	0.062180258
0.132468409	-0.236087718
0.075717327	-0.217294004
0.245914129	0.098207438
-0.095672195	0.070193933
-0.205054074	-0.034959557
-0.178394472	0.102797719
-0.040729372	-0.061464396
-0.102312711	-0.106208798
-0.03031751	0.112250534
-0.198673914	0.09098342
0.117715716	0.01149103
0.268142382	-0.026939343
0.12309448	0.214766665
0.112725154	0.088826701
-0.116788019	0.120652728
0.068269509	0.201956141
-0.249281285	0.016174693
-0.102992453	0.163437698
0.176736582	-0.05543004
0.112814348	-0.061714069
0.149986703	0.051538352
-0.016600504	-0.217175534
-0.031811129	0.263528823
-0.194246451	0.102324341
-0.026049047	-0.008080232
0.195038752	-0.073367307
-0.134365996	0.076368117
0.153521771	-0.016409758
-0.022817008	0.068098901
-0.073842782	-0.232719259
-0.064383187	-0.110986391
-0.105667394	-0.026513442
-0.042452484	-0.125550234
-0.070214206	-0.121370086
0.078046308	0.160927868
0.126457116	0.131340393
0.144843345	-8.37E-04
0.069135489	0.12788253
0.168247286	0.034953504
-0.189382932	-0.076638449
0.214919927	-0.197131548
-0.106943944	-0.192164886
0.053310606	0.135725563
-0.169264014	0.182724804
-0.07510402	0.018918712
0.050056891	-0.005800933
0.033356819	0.050027377
0.053218468	-0.068145432
-0.078698434	-0.101148058
-0.087492586	0.0861049
0.007789879	0.020013573
-0.159638804	0.077271854
-0.063866081	0.007245072
0.059011172	0.055843477
-0.167624845	-0.105651747
0.038358377	0.254460868
-0.227935403	0.201923587
-0.159844801	-0.091822416
-0.003696534	0.325723439
-0.04535498	0.174637172
-0.127410073	-0.115336956
-0.012433046	0.12909549
0.068757762	-0.136262243
0.165562185	-0.018106205
-0.006794573	-0.054469212
-0.148274831	0.22152608
-0.04508821	-0.026310446
0.120044036	0.096507002
0.205885899	-0.137459776
0.105157492	-0.099180891
0.080150098	-0.176740734
-0.016520315	0.244715384
-0.220655383	-0.148656098
0.279952352	0.039865719
-0.08396263	0.042608918
-0.043036711	0.103496984
0.142582164	0.229375644
0.081994885	0.170798477
-0.149769885	0.078834972
0.160907036	0.108217038
-0.19993895	-0.142449392
-0.172631664	0.031893389
-0.03240281	-0.091715062
-0.048938042	-0.15025546
-0.09806433	-0.116335876
0.292903255	0.062779013
0.17758574	0.081944059
-0.090343372	0.193249473
-0.215266354	-0.04227705
-0.075431008	-0.110166084
-0.144000431	0.094436297
0.077107354	-0.163911661
-0.016642877	-0.082608074
0.178827373	-0.035688579
-0.209064382	-0.041700083
-0.069050214	0.135212565
0.197218024	0.154230629
-0.170327471	-0.142643912
0.024583103	-0.134354718
-0.140160264	0.073139972
0.120073069	0.077074837
-0.024122744	0.232252016
0.126834443	0.183284392
-0.029557984	0.149801347
-0.198018114	0.078278409
-0.284754059	-0.049039133
-0.227419625	0.062331148
0.15294687	-0.152234324
-0.068763224	-0.007833071
0.134586017	-0.049773812
-0.122492101	-0.14380196
0.153666652	-0.04183724
0.002669556	0.045667891
-0.046736447	-0.093346924
-0.060688126	0.242267201
-0.011767662	-0.021993527
-0.087420396	-0.243493719
0.052537961	0.023917902
-0.006229831	0.206926227
0.027352229	0.166200789
-0.050136975	-0.088328029
0.10313057	-0.153005764
-0.041123618	0.060953427
0.039551422	-0.203719771
-0.086303401	-0.170257207
0.048334527	0.002040617
-0.038880745	-0.029066807
-0.062916986	0.054236416
0.024210247	-0.014115121
0.153794189	0.001112306
-0.242274298	0.058246772
-0.173352502	0.089222487
-0.167722084	0.042035865
0.032688966	-0.256687788
-0.02863701	0.05848163
0.059280435	-0.267261084
-0.067643457	0.012306833
0.167876543	0.038370494
0.036021786	0.071667429
-0.032081902	-0.178892902
-0.013150818	0.002211322
0.132663019	0.189319152
-0.137653714	0.21355698
-0.216346335	-0.173078979
0.112406073	0.293260576
-0.012317572	-0.169093484
0.005178869	0.115194648
0.057495017	-0.032830812
-0.020329909	0.168932415
0.018250583	-0.186805054
0.086533564	0.213302011
-0.013920892	0.057987623
0.172532753	0.111193382
-0.152834437	-0.079341608
-0.036001568	-0.08090176
-0.273790764	-0.082524261
-0.168616557	0.084944046
-0.095448749	-0.122166196
-0.172419541	-0.229995104
-0.087964016	-0.183974228
-0.103627338	-0.118720025
0.236607966	-0.084891828
0.04483734	0.169901485
-0.045679283	-0.174633222
0.018114774	0.20885835
0.101137321	0.094254833
-0.083710145	-0.066895331
-0.17711263	0.057378019
-0.251032192	0.066601352
-0.077427573	-0.125366467
0.008939737	-0.069758658
-0.091724592	0.125885081
-0.064265587	-0.104150196
-0.12630862	0.073462937
0.13623847	-0.20903329
0.072982806	-0.127177404
-0.00580793	0.143433805
-0.103396438	-0.089393949
-0.068953103	-0.039186255
-0.10881437	-0.028478238
0.041812716	-0.044559093
-0.014139798	0.151833189
-0.046357772	0.101691487
0.089157257	0.082900027
0.140765347	-0.055907487
-0.044263221	-0.057474214
-0.165890727	0.021525538
-0.138396613	-0.165838482
-0.104015975	-0.030018342
-0.141941196	-0.188582284
-0.054015297	-0.015283705
-0.026124806	-0.142018738
-0.01134427	-0.001614187
0.102199114	-0.004044597
0.001380854	0.006925335
0.073754444	0.05780464
0.061740081	0.050878467
0.105458705	0.044532088
-0.074022369	0.050591626
-0.074698161	0.02511803
-0.126858472	0.142413733
0.022985557	-0.270239033
-0.19874001	-0.206108454
0.014099125	-0.101438646
0.15007379	-0.067359951
0.138237732	-0.023910832
0.06189048	0.162331886
0.073075488	0.087071657
-0.017814035	-0.050743605
0.128057433	0.085646765
-0.088224646	-0.014203302
-0.031889717	-0.006154799
0.188690819	-0.224790625
-0.152070512	0.014516298
-0.232948315	0.184339548
-0.109016789	-0.202594975
-9.31E-04	-0.016929538
-0.207974308	-0.026342923
-0.12437304	0.176463233
0.118380344	0.162930654
-0.15443211	-0.092767025
-0.00774541	0.101300481
0.223644782	0.064143781
0.003229956	-0.104170071
0.006303391	0.138957492
-0.250323399	0.094764954
-0.097687845	-0.237085881
-0.092744038	0.113221718
-0.010859139	-0.126211503
-0.152245929	0.11854288
-0.111539956	-0.250872884
-0.07805785	-0.262795743
-0.176770857	0.067043239
0.129157007	0.015968204
-0.124246172	0.223145317
-0.138182319	0.071164241
-0.034600372	0.27019722
0.012011791	0.034765216
0.07651293	-0.158136334
-0.19763494	0.093119173
0.069237236	-0.058930625
-0.101614771	0.082798589
0.011177982	-0.092624958
-0.101706658	0.077073878
0.052721925	-0.136880433
0.005719031	-0.179217151
-0.032276903	0.031319598
0.038192918	0.176155152
0.029174229	-0.112431075
0.102308004	-0.033737292
-0.050646225	0.095559049
-0.039675745	-0.073547946
-0.272762328	0.110689681
0.142609676	-0.246408796
0.028990691	-0.243574087
0.10998634	0.19213465
0.058177118	-0.068568625
0.136387734	-0.008690786
-0.09321444	-0.008470785
0.005062956	-0.004504408
-0.107465445	-0.066344497
0.120757148	0.177095359
0.060969706	0.187096602
-0.148494759	0.098272593
-0.001257807	-0.154666282
0.054536564	-0.106070344
0.041931315	-0.163469322
-0.095928103	0.208862857
-0.224812785	-0.048865409
0.156674017	0.099360261
0.172791354	0.146092754
0.132016304	0.152217508
-0.032015884	-0.06656818
-0.169298679	0.005131944
0.049407911	0.124129772
-0.063064159	0.001979561
0.048982262	0.065330721
0.090518037	0.03257189
0.122884917	-0.167553631
-0.142028043	-0.056811276
0.192582517	-0.091201207
-0.036712152	-0.105424078
-0.016999998	-0.009737861
0.070157806	-0.161021359
0.085001533	-0.080818644
0.288713966	-0.020147418
0.273163529	8.97E-04
0.095610336	-0.10784805
-0.024067897	-0.020573316
0.207174143	-0.013099368
-0.246848021	-0.043369726
-0.300286892	0.038849013
0.015476427	-0.046294067
0.021816973	0.155698311
-0.186967297	0.002238839
0.171539988	-0.123232682
-0.195517983	-0.099097723
0.114034319	-0.167392972
-0.015764273	-0.220489815
-0.11987994	-0.071903997
0.003831981	0.186739532
-0.035853436	-0.061874908
0.042531975	0.024609138
-0.216686117	-0.21931546
-0.062969338	-0.100537736
-0.024085411	-0.188294207
0.230035033	-0.188477603
0.092181025	-0.010292256
0.011305538	-0.094105942
-0.115335435	-0.064778124
0.255247597	-0.12343162
-0.125854547	-0.069282207
0.115099674	0.012328764
0.06012393	0.05707432
0.094407136	-0.110240666
-0.139311817	0.013790389
0.042899113	-0.063247424
0.038796927	0.148792833
-0.059498477	-0.020283772
-0.133131899	-0.14156307
0.020387612	0.004154119
-0.138908107	-0.122020142
-0.154002509	0.180517021
0.10103915	0.032501853
-0.156363341	0.010261761
0.065030254	0.172131577
0.03635293	0.035487912
0.046246758	0.161047156
0.121519313	0.159779197
0.038263554	0.095020526
0.241650123	0.066356787
-0.19978289	-0.227178088
-0.050393046	0.248309287
-0.164769277	-0.040760417
-0.039574316	-0.110276211
-0.226004506	0.001255299
-0.103860012	-0.023764951
-0.277526137	0.099554914
0.139254227	0.137398222
-0.190685791	0.01156722
0.053660304	-0.071004853
0.043845155	-0.044440146
-0.014147094	0.110344275
0.066343231	0.248395381
-0.252283407	-0.109134334
-0.136309283	-0.165428473
-0.191314818	0.109875769
0.028595602	0.100727084
0.175684044	-0.059616441
0.211415721	0.119835647
0.115497891	0.090416801
0.197919975	0.245590022
0.031219446	0.053912218
-0.092326184	-0.087752536
-0.152942387	-0.076372667
0.047776441	0.016216094
0.200442164	-0.092479353
-0.024209351	-0.179485719
-0.013354598	-0.174473902
0.229064092	0.096410228
0.164468512	-0.197691508
0.217240623	-0.094974025
0.126025332	-0.012393773
0.099674026	-0.122134184
0.050393669	-0.221786414
-0.069144124	-0.005825482
0.030468863	0.062296167
-0.092375816	0.068373924
0.115890524	0.12968595
0.297810015	0.058537249
0.20130762	-0.08096182
-0.039665097	0.118751816
-0.033937608	0.115368229
-0.126738271	0.220787336
-0.269226146	0.056516265
-0.119399902	-0.160487681
0.109879846	0.017564782
0.03383506	-0.051716461
-0.233883954	-0.090960561
0.114075469	-0.148795154
-0.167486783	0.237106742
-0.047755277	0.01684578
0.176692412	0.062661059
0.052483262	0.106466335
-0.129104808	-0.211598156
-0.045816212	0.082320767
0.124895362	-0.092569565
0.106323244	0.097549833
0.246885268	-0.017998192
-0.202323815	-0.051923671
-0.026412486	-0.095177584
0.126697628	-4.05E-04
-0.018206242	0.075107794
-0.178367103	0.106209545
-0.17989498	0.04040129
0.00772295	-0.087840245
0.033906038	-0.074216443
0.13174974	0.096002272
0.119490435	0.246322632
-0.114495603	0.139049617
0.034342166	0.012781077
-0.046957686	-0.006498244
-0.12402508	0.207184598
0.070893338	0.140593944
0.036177644	0.137128462
0.196361431	-0.133170313
-0.062156245	-0.12273331
-0.172220567	0.034573912
0.185002496	-0.113958153
0.207368199	0.158798401
-0.003615735	-0.129169611
-0.017456248	-0.201808926
-0.282168411	-0.115553792
0.022858112	0.052096626
-0.154020511	-0.107830644
-0.045977808	0.141695996
0.082877232	0.092967919
0.026405131	0.110295217
0.180988919	-0.140495659
0.291121452	0.140251331
0.004387648	0.092873166
0.221707407	0.077864973
-0.089212049	0.034209679
0.318370872	0.02663336
0.192200846	-0.144892186
0.049771062	0.142898518
0.184495256	0.122640495
-0.05925916	0.157222337
-0.233373335	0.066122647
0.108992635	0.080947972
0.055769773	-0.001615946
-0.093181949	0.164340836
-0.080475712	0.262489071
0.087857297	0.036097909
-0.045719867	0.146179849
0.217111129	0.06508052
-0.040091688	-0.001367899
0.020762777	-0.288714542
-0.156580524	-0.169003994
0.15341524	0.09721383
0.08056102	0.044858977
0.028602068	-0.16547478
0.142667749	-0.096780432
-0.314583649	-0.06777349
0.19807899	0.162099892
0.136417083	-0.264403013
-0.110067269	0.178108539
-0.03999134	0.141041671
-0.006587295	-0.284332682
0.163436475	0.01062964
0.10036929	0.031532804
-0.071488737	-0.126098023
-0.171681808	-0.130542665
-0.179127115	-0.029644305
-0.029061313	-0.226714658
-0.085854756	-0.311933043
0.05827927	-0.291772189
-0.041662428	0.171273612
-0.105395027	-0.279089467
-0.066871371	-0.024870755
-0.036832375	0.028010541
0.114265953	0.046567433
0.035141669	-0.183121586
-0.091696323	0.149457966
-0.211315758	-0.170094973
-0.009749271	-0.177234316
0.121063135	0.093678866
0.123545557	0.128113218
-0.207019635	-0.066604019
-0.025663215	0.002388571
0.185632996	-0.152636751
0.024227028	-0.076254575
-0.016065861	-0.162763837
0.105889485	0.03538796
0.124399106	0.061316373
0.1743504	0.108396465
0.026364664	-0.084097282
0.109709073	-0.0410558
-0.038922689	-0.087989911
0.064353287	0.070352113
-0.021962166	-0.126894292
0.203105763	0.168784914
0.119749424	0.108953761
-0.093004695	-0.113461569
-0.043197136	0.079981103
-0.171170457	-0.2478695
-8.05E-04	-0.147501824
-0.219052238	-0.126199145
-0.012172746	-0.194109419
0.013367566	0.139791265
-0.02482436	-0.261868639
0.23195755	-0.04334486
0.107602852	-0.119107726
0.209013091	0.125808437
-0.180564789	0.201121379
-0.1038013	0.111658279
-0.051828725	-0.119827926
-0.15531638	-0.109803306
0.066479924	-0.263286012
-0.144811885	0.158839325
0.038359852	0.135290686
0.190799555	0.115552123
0.040279557	-0.290420226
0.048938795	0.171152602
-0.135454653	0.114558102
-0.118462633	-0.039959797
0.007248436	0.054492595
-0.057574485	-0.071349333
-0.063103566	0.006172977
0.092645471	0.1306756
0.003816473	-0.018766096
0.22296915	0.163297994
-0.054899893	0.193189724
5.85E-04	0.007355465
-0.034478416	-0.006773154
0.083092891	0.053836587
-0.131074689	0.088699032
0.059452378	0.046024068
0.014023212	0.011944072
0.047454173	-0.215941044
-0.034914796	0.130620039
-0.186844384	-0.142193227
0.150298219	-0.034168545
-0.140450532	0.06343179
-0.015378626	-0.042507995
0.00230969	-0.045347415
-0.057175442	0.025754173
-0.106087894	-0.157159232
0.083027598	0.068471438
0.230370966	-0.101828898
0.098286074	0.237118396
-0.030259626	0.296644816
0.049109229	-0.158461287
-0.101871946	0.007950663
0.012328314	-0.103006431
-0.1402671	0.107388116
-0.033032774	0.227600242
0.1300316	0.030988613
-0.074011906	-0.141488522
-0.180770247	0.085669035
-0.264608553	0.082790813
-0.066142132	-0.054617623
0.203234189	0.079586
-0.074701104	0.170237494
0.021822435	-0.151813187
-0.087644928	-0.250497116
0.101759517	0.102185182
0.062112907	0.066269788
0.166134831	0.108909675
0.196253195	0.009650935
-0.114273787	0.059945785
-0.134682184	-0.199722239
-0.056265375	-0.327517423
-0.303271915	-0.060243903
0.058227955	0.047446353
-0.071242171	-0.07757276
0.021605937	0.022017049
0.128051777	0.143970826
0.056759314	0.040476869
0.092567878	0.114842838
0.130371402	0.231093371
0.059380419	0.169087014
-0.057048295	0.12639079
-0.040121904	0.090478654
0.031392321	0.151892029
-0.001926206	0.294247789
0.057976932	-0.04619618
-0.046878724	-0.154882484
-0.241008755	-0.088032921
0.016942676	0.038773096
0.050196099	0.206399551
0.272112744	0.143741109
0.101323203	-0.060957813
-0.020757598	-0.074433019
-0.197140407	-0.074902475
-0.106438049	0.252780718
0.097220407	0.167264801
-0.194493928	-0.188471234
0.094619375	-0.007186706
0.109298337	0.200097635
-0.006527045	0.133206876
-0.119591987	0.090618253
0.075115832	0.037677731
-0.098727385	-0.224636466
-0.160853562	0.113218465
0.222667378	-0.024108134
-0.19729351	0.139246261
-0.038702096	-0.036652404
0.164843297	0.240505531
-0.123320509	0.113859578
0.120893339	0.193531637
0.011460631	-0.224647336
0.171618463	-0.180217116
-0.049864732	0.067933218
-0.062573675	-0.145945057
-0.053436285	0.187670237
-0.27799618	-0.054170679
0.123768237	-0.217231729
-0.220272165	-0.154789592
-0.095501163	0.160765075
-0.056932755	0.178168322
-0.244703138	0.075124793
-0.033372749	0.017630876
-0.168909848	0.205208327
-0.137770117	-0.052870956
-0.001806884	-0.038548387
-0.200837909	0.103391658
-0.075650869	0.035973329
0.05692753	0.056836578
0.190078115	0.029412894
-0.02774198	0.107528086
-0.052747361	0.116782184
-0.083175242	-0.120247828
0.141899372	-0.03936036
0.131163628	-0.056045859
-0.186496554	0.050533422
0.005222157	0.087184934
0.00814592	-0.093047322
0.003748905	-0.063895039
-0.007511742	-0.127690638
-0.009195517	-0.231752835
0.083232218	0.065335968
-0.093559561	-0.203991944
-0.20706131	0.048665664
0.05812744	0.239880806
0.201939839	0.143865522
0.053841525	-0.108051675
0.056561296	0.111024585
0.089688654	0.148591596
-0.064681407	-0.110935055
0.196214571	-0.153408988
-0.241610238	-0.025227804
-0.053063134	-0.173267786
0.064450687	0.093052709
0.200856381	-0.060471765
-0.102223781	-0.026852748
-0.067766158	-0.14338764
0.138524883	0.032395556
0.064357057	-0.16495343
-0.00276598	-0.318730938
0.166172053	0.156413805
-0.304993786	-0.048394996
-0.048610632	0.094180945
-0.167412256	-0.050295517
-0.037238988	0.027457888
-0.196862018	0.116268015
0.080702793	0.173586259
-0.008685486	0.256520654
0.312641847	0.040565574
0.25027997	-0.130158614
-0.084170358	-0.121702425
0.00328746	-0.001481522
0.091818289	0.151995628
0.086913102	-0.047003518
0.028221252	-0.097923374
-0.113634881	-0.060069886
-0.059962012	0.023725128
-0.010818914	0.225982332
0.002769797	-0.226472645
0.023801067	0.176524056
0.120907957	0.051589951
0.027081572	-0.247734574
-0.085622413	-0.158572159
-0.06395568	-0.287926636
-0.168341239	-0.208940041
-0.118576926	0.066114633
-0.138327748	0.113323402
0.053881611	-0.12210572
-0.080663735	0.178866481
0.094343803	-0.219756967
0.054884776	-0.219047988
0.044716999	-0.059741831
-0.24618645	-0.008722565
-0.020967739	-0.023983416
0.142051823	-0.045274456
-0.2085444	0.076617445
0.218528279	0.086551359
0.092575129	-0.102707032